[ds_info/properties]
version = 9.3.1
modtime = 1735845589.335542000

[inputs/script%3A%2F%2F%24SPLUNK_HOME%2Fetc%2Fapps%2Finput_conf_generator_sh%2Fbin%2Frequest_reload_srv_class.py]
version = 9.3.1
modtime = 1735845589.441753000

[passwords/credential%3Ads_auth_token%3Anobody%3A]
version = 9.3.1
modtime = 1735845589.549008000

[app/install]
version = 9.3.1
modtime = 1735845591.586002000
